-------  -----  --  -  -  -  -  -  -  -  -  --  --  --  --  --  --
Integer  i      1   2  3  4  5  6  7  8  9  10  11  12  13  14  15
1        1 =    1
3        2 =    1   1
5        3 =        1  1
7        4 =           1  1
5        5 =    1         1
4        6 =    2   1
7        7 =        2  1
8        8 =           1     1
6        9 =    1            1
5        10 =   3   1
6        11 =       1     1
9        12 =             1  1
7        13 =   2            1
4        14 =   1      1
8        15 =       1  2
7        16 =       1        1
8        17 =   3            1
5        18 =   2      1
9        19 =       3  1
8        20 =       2     1
6        21 =   2         1
6        22 =   3      1
9        23 =          1        1
8        24 =       1           1
5        25 =   1   2
7        26 =   4      1
10       27 =          2  1
10       28 =       3     1
6        29 =   4   1
7        30 =   1      2
10       31 =          1           1
9        32 =       1              1
6        33 =   2   2
7        34 =   3         1
10       35 =             1     1
10       36 =       2           1
6        37 =   1   1  1
8        38 =   4         1
11       39 =             1        1
11       40 =       2              1
7        41 =   5   1
7        42 =   1               1
11       43 =                1  1
9        44 =       2        1
7        45 =   3   2
8        46 =   5      1
11       47 =          1  2
10       48 =       1     2
7        49 =   1   3
8        50 =   2      2
11       51 =          2     1
11       52 =       3        1
7        53 =   1   1     1
8        54 =   1      1  1
11       55 =          1              1
10       56 =       1                 1
8        57 =   6   1
8        58 =   2               1
12       59 =          2        1
9        60 =       1  1  1
8        61 =   4   2
8        62 =   1                  1
12       63 =                1     1
10       64 =       1  1     1
7        65 =   2   1  1
9        66 =   5         1
12       67 =             1           1
12       68 =       2                 1
8        69 =   2   3
9        70 =   6      1
12       71 =          1  1  1
11       72 =       1     1  1
9        73 =   7   1
9        74 =   3      2
12       75 =          1                 1
11       76 =       1                    1
8        77 =   2   1     1
9        78 =   2      1  1
13       79 =          1     2
12       80 =       1        2
9        81 =   5   2
9        82 =   1         2
13       83 =          3  1
10       84 =       2  2
8        85 =   1   1        1
9        86 =   3               1
13       87 =          1  1     1
11       88 =       4  1
9        89 =   3   3
9        90 =   4            1
13       91 =             2  1
11       92 =       2  1  1
8        93 =   3   1  1
9        94 =   2                  1
13       95 =                   1  1
11       96 =       1  1        1
8        97 =   1   2  1
9        98 =   1                     1
13       99 =                1        1
12       100 =      2  1     1
9        101 =  1   4
10       102 =  6         1
13       103 =            1              1
13       104 =      2                    1
9        105 =  4   1  1
9        106 =  1      1     1
14       107 =            1  2
12       108 =      4     1
9        109 =  2   2  1
10       110 =  5            1
14       111 =               1           1
14       112 =      1  1                 1
9        113 =  1   1  2
10       114 =  2         2
14       115 =            2     1
12       116 =      3           1
9        117 =  2   1        1
10       118 =  7      1
13       119 =         2           1
13       120 =      3              1
9        121 =  3   1     1
10       122 =  4      2
13       123 =         1                    1
12       124 =      1                       1
9        125 =  1   2     1
10       126 =  1      3
14       127 =         3     1
13       128 =      4        1
9        129 =  1   1           1
10       130 =  3      1  1
14       131 =         1  1        1
14       132 =      1        1     1
10       133 =  8   1
10       134 =  4               1
14       135 =         1     1  1
11       136 =      1  3
10       137 =  6   2
10       138 =  1         1  1
14       139 =         2  2
12       140 =      3  2
10       141 =  4   3
10       142 =  3                  1
15       143 =            2        1
12       144 =      1  2  1
10       145 =  2   4
10       146 =  2                     1
14       147 =         2              1
12       148 =      1  1           1
10       149 =  4   1     1
10       150 =  1                        1
15       151 =         2                 1
13       152 =      5  1
10       153 =  2   2     1
11       154 =  6            1
15       155 =         1     1     1
13       156 =      2  3
10       157 =  2   1           1
11       158 =  7         1
14       159 =            1                 1
14       160 =      2                       1
10       161 =  5   1  1
10       162 =  2      1     1
15       163 =            1  1  1
12       164 =      2     2
10       165 =  3   2  1
10       166 =  1      1        1
14       167 =                  1     1
14       168 =      3                 1
10       169 =  1   3  1
11       170 =  4      1  1
15       171 =            1                     1
13       172 =      1                           1
10       173 =  2   1  2
11       174 =  1      2  1
16       175 =            1     2
13       176 =      1        1  1
10       177 =  3   1        1
11       178 =  8      1
14       179 =         1                        1
15       180 =      2                           1
10       181 =  1   2        1
11       182 =  5      2
15       183 =         1  3
12       184 =      1     1     1
10       185 =  1   1              1
11       186 =  2      3
15       187 =         2  1  1
13       188 =      2     1  1
11       189 =  9   1
11       190 =  5               1
15       191 =         3        1
13       192 =      3  1  1
11       193 =  7   2
11       194 =  1            2
15       195 =               1              1
15       196 =      1  1                    1
10       197 =  1   1  1  1
11       198 =  2         1  1
16       199 =               2  1
13       200 =      2  1        1
11       201 =  5   3
11       202 =  3         2
15       203 =         1  1           1
13       204 =      1  2     1
11       205 =  3   4
11       206 =  1         1     1
15       207 =         1        2
13       208 =      1  1              1
11       209 =  1   5
11       210 =  4                  1
15       211 =                     1  1
14       212 =      1     1           1
11       213 =  6   1  1
11       214 =  3      1     1
16       215 =            1  1     1
13       216 =      1     1        1
11       217 =  4   2  1
11       218 =  2      1        1
15       219 =                  1        1
15       220 =      3                    1
11       221 =  2   3  1
11       222 =  1      1           1
16       223 =                     1     1
15       224 =      1     1              1
11       225 =  3   1  2
11       226 =  3                     1
16       227 =            2           1
13       228 =      1  1  2
11       229 =  1   2  2
11       230 =  2                        1
17       231 =            2              1
14       232 =      5     1
11       233 =  4   1        1
11       234 =  1                           1
16       235 =         2                    1
14       236 =      4  2
11       237 =  5   1     1
12       238 =  7            1
16       239 =         2     2
14       240 =      1  4
11       241 =  3   2     1
12       242 =  3         1  1
16       243 =         1     1        1
14       244 =      1  2        1
11       245 =  1   3     1
12       246 =  2            2
16       247 =               1                  1
16       248 =      1  1                        1
11       249 =  2   1  1  1
12       250 =  6               1
16       251 =                  1           1
16       252 =      3                       1
11       253 =  1   1     2
12       254 =  9      1
15       255 =         1                            1
14       256 =      1                               1
11       257 =  2   2        1
12       258 =  6      2
16       259 =         4  1
14       260 =      3     2
11       261 =  3   1           1
12       262 =  3      3
16       263 =         1  2  1
14       264 =      1     3
11       265 =  1   2           1
12       266 =  4      1     1
16       267 =         3           1
15       268 =      4              1
11       269 =  1   1                 1
12       270 =  8         1
16       271 =         2  1     1
14       272 =      3  1     1
11       273 =  2   1              1
12       274 =  4         2
16       275 =         1  1              1
14       276 =      2  1           1
12       277 =  10  1
12       278 =  2         1     1
16       279 =         1        1  1
15       280 =      6  1
12       281 =  8   2
12       282 =  1            1  1
17       283 =         4     1
14       284 =      2  2  1
12       285 =  6   3
12       286 =  5                  1
17       287 =         2  1        1
14       288 =      1  1  1  1
12       289 =  4   4
12       290 =  4                     1
17       291 =         3              1
15       292 =      3  3
12       293 =  2   5
12       294 =  1         1        1
16       295 =            1                         1
16       296 =      2                               1
11       297 =  1   1  1     1
12       298 =  5      1  1
17       299 =            1     1  1
14       300 =      4           1
12       301 =  7   1  1
12       302 =  2      2  1
17       303 =            3  1
14       304 =      2        2
12       305 =  5   2  1
12       306 =  1      1  2
17       307 =            1  1        1
15       308 =      5        1
12       309 =  3   3  1
12       310 =  3      1        1
17       311 =               1  2
15       312 =      3     1  1
12       313 =  1   4  1
12       314 =  2      1           1
17       315 =               2     1
15       316 =      1     2  1
12       317 =  4   1  2
12       318 =  1      1              1
17       319 =                        1  1
16       320 =      1        1           1
12       321 =  2   2  2
12       322 =  2                           1
17       323 =                     1        1
15       324 =      1  2           1
12       325 =  1   1  3
12       326 =  3                        1
18       327 =            1  1           1
14       328 =      2     1     1
12       329 =  4   1           1
12       330 =  1      2     1
16       331 =         1                                1
15       332 =      1                                   1
12       333 =  6   1     1
12       334 =  1                               1
17       335 =         2                        1
15       336 =      4  1  1
12       337 =  4   2     1
13       338 =  8            1
17       339 =         2     1  1
14       340 =      1           2
12       341 =  2   3     1
13       342 =  10     1
17       343 =         1           2
15       344 =      2     1        1
12       345 =  2   1     2
13       346 =  7      2
17       347 =         1        1     1
15       348 =      2        1  1
12       349 =  5   1        1
13       350 =  4      3
17       351 =         3  2
16       352 =      6     1
12       353 =  3   2        1
13       354 =  1      4
17       355 =         1  2     1
15       356 =      1           1  1
12       357 =  1   3        1
13       358 =  9         1
17       359 =         1  1                 1
15       360 =      2  2     1
12       361 =  2   2           1
13       362 =  5         2
17       363 =         1  1  2
15       364 =      1  1     2
12       365 =  3   1              1
13       366 =  1         3
17       367 =            1                             1
17       368 =      2                                   1
12       369 =  2   1  1     1
13       370 =  6      1  1
18       371 =            3     1
16       372 =      5           1
12       373 =  1   2              1
13       374 =  3      2  1
17       375 =         1     1           1
15       376 =      1        1        1
12       377 =  2   1                 1
13       378 =  2      1  2
17       379 =         1                                     1
16       380 =      1                                        1
12       381 =  1   1     1  1
13       382 =  5      1     1
18       383 =         4        1
16       384 =      3     1     1
12       385 =  1   1                    1
13       386 =  2      2     1
17       387 =               1                      1
18       388 =      3                               1
12       389 =  3   1  1  1
13       390 =  4         1  1
18       391 =               1  1  1
15       392 =      3  1        1
12       393 =  1   2  1  1
13       394 =  3            2
18       395 =               2        1
15       396 =      2  1              1
12       397 =  1   1  1        1
13       398 =  3         1     1
18       399 =            2  2
16       400 =      4  1     1
13       401 =  11  1
13       402 =  7               1
17       403 =                  1               1
17       404 =      3                           1
13       405 =  9   2
13       406 =  1      1  1  1
18       407 =         1  1  1  1
16       408 =      2           2
13       409 =  7   3
13       410 =  6                  1
18       411 =         1  2        1
15       412 =      1  3  1
13       413 =  5   4
13       414 =  2            1  1
18       415 =         3  1  1
15       416 =      2  1  2
13       417 =  3   5
13       418 =  1               2
18       419 =         2        2
16       420 =      5  2
13       421 =  1   6
13       422 =  2         1        1
18       423 =         2  3
16       424 =      2  4
13       425 =  6   1        1
13       426 =  1            1     1
18       427 =            1        2
15       428 =      1  1  1     1
13       429 =  8   1  1
13       430 =  5                     1
18       431 =            1     1     1
16       432 =      3  2  1
13       433 =  6   2  1
13       434 =  4                        1
19       435 =               2           1
16       436 =      1  3     1
13       437 =  4   3  1
13       438 =  1         1           1
18       439 =            2                 1
17       440 =      2  1                    1
13       441 =  2   4  1
13       442 =  2                               1
18       443 =                     1            1
16       444 =      3  1           1
13       445 =  5   1  2
13       446 =  3                           1
18       447 =                        1     1
16       448 =      4                 1
13       449 =  3   2  2
13       450 =  4      1        1
18       451 =                  1                   1
18       452 =      1     1                         1
13       453 =  1   3  2
13       454 =  1      2        1
19       455 =            2  1  1
16       456 =      4     2
13       457 =  2   1  3
13       458 =  3      1           1
19       459 =            3        1
16       460 =      2     3
13       461 =  4   2        1
13       462 =  2      1              1
18       463 =         2  1           1
16       464 =      1     1  2
13       465 =  2   3        1
13       466 =  1      1                 1
18       467 =         1           1  1
16       468 =      2        1     1
13       469 =  7   1     1
13       470 =  1                                   1
18       471 =         2                            1
16       472 =      1  2  2
13       473 =  5   2     1
14       474 =  9            1
18       475 =         1     3
16       476 =      2  2        1
13       477 =  3   3     1
14       478 =  5         1  1
18       479 =         2     1     1
16       480 =      1              2
13       481 =  1   4     1
14       482 =  11     1
18       483 =         3                 1
17       484 =      4                    1
13       485 =  3   1     2
14       486 =  8      2
18       487 =         1        1        1
16       488 =      1     2     1
13       489 =  1   2     2
14       490 =  5      3
18       491 =         1     1              1
16       492 =      3        2
13       493 =  5   1           1
14       494 =  2      4
-------  -----  --  -  -  -  -  -  -  -  -  --  --  --  --  --  --